UNKNOWN
version=1
nRows=441
nColumns=3
inDegrees=no
endheader
time	time	ankle_angle_r_moment
      0.00000000	     -0.00349000	  -1532.47323318
      1.00000000	      0.00061000	  -1534.10739112
      2.00000000	      0.00471000	  -1535.73206118
      3.00000000	      0.00881000	  -1537.34586840
      4.00000000	      0.01291000	  -1539.77420664
      5.00000000	      0.01701000	  -1543.88530628
      6.00000000	      0.02111000	  -1549.54994558
      7.00000000	      0.02521000	  -1556.47913975
      8.00000000	      0.02931000	  -1564.16572301
      9.00000000	      0.03341000	  -1572.30692535
     10.00000000	      0.03751000	  -1580.73431468
     11.00000000	      0.04161000	  -1589.17576092
     12.00000000	      0.04571000	  -1597.45700613
     13.00000000	      0.04981000	  -1605.30257817
     14.00000000	      0.05391000	  -1612.64384245
     15.00000000	      0.05801000	  -1619.30268010
     16.00000000	      0.06211000	  -1625.30452405
     17.00000000	      0.06621000	  -1630.60998938
     18.00000000	      0.07031000	  -1635.30198142
     19.00000000	      0.07441000	  -1639.32330452
     20.00000000	      0.07851000	  -1642.66006666
     21.00000000	      0.08261000	  -1645.08236826
     22.00000000	      0.08671000	  -1646.54143182
     23.00000000	      0.09081000	  -1646.80396317
     24.00000000	      0.09491000	  -1645.88754964
     25.00000000	      0.09901000	  -1643.75689020
     26.00000000	      0.10311000	  -1640.64033281
     27.00000000	      0.10721000	  -1636.64697667
     28.00000000	      0.11131000	  -1632.04620956
     29.00000000	      0.11541000	  -1627.02839908
     30.00000000	      0.11951000	  -1621.77468931
     31.00000000	      0.12361000	  -1616.24354111
     32.00000000	      0.12771000	  -1610.47679566
     33.00000000	      0.13181000	  -1604.47937727
     34.00000000	      0.13591000	  -1598.17659055
     35.00000000	      0.14001000	  -1591.48819836
     36.00000000	      0.14411000	  -1584.21109963
     37.00000000	      0.14821000	  -1576.27484711
     38.00000000	      0.15231000	  -1567.44339565
     39.00000000	      0.15641000	  -1557.56024071
     40.00000000	      0.16051000	  -1546.22700637
     41.00000000	      0.16461000	  -1533.40751679
     42.00000000	      0.16871000	  -1518.96698945
     43.00000000	      0.17281000	  -1503.07711923
     44.00000000	      0.17691000	  -1485.74454252
     45.00000000	      0.18101000	  -1467.30385958
     46.00000000	      0.18511000	  -1447.63618212
     47.00000000	      0.18921000	  -1426.92399730
     48.00000000	      0.19331000	  -1404.96135164
     49.00000000	      0.19741000	  -1381.62819446
     50.00000000	      0.20151000	  -1356.57583476
     51.00000000	      0.20561000	  -1329.73777678
     52.00000000	      0.20971000	  -1300.96329157
     53.00000000	      0.21381000	  -1270.36921600
     54.00000000	      0.21791000	  -1238.05432900
     55.00000000	      0.22201000	  -1204.30365189
     56.00000000	      0.22611000	  -1169.32326574
     57.00000000	      0.23021000	  -1133.29557402
     58.00000000	      0.23431000	  -1096.36077152
     59.00000000	      0.23841000	  -1058.58995735
     60.00000000	      0.24251000	  -1020.06454146
     61.00000000	      0.24661000	   -980.84286723
     62.00000000	      0.25071000	   -941.06059440
     63.00000000	      0.25481000	   -900.76147695
     64.00000000	      0.25891000	   -860.10326307
     65.00000000	      0.26301000	   -819.07673126
     66.00000000	      0.26711000	   -777.76682137
     67.00000000	      0.27121000	   -736.15456219
     68.00000000	      0.27531000	   -694.44640117
     69.00000000	      0.27941000	   -652.56406655
     70.00000000	      0.28351000	   -610.70573136
     71.00000000	      0.28761000	   -568.72890632
     72.00000000	      0.29171000	   -526.61787385
     73.00000000	      0.29581000	   -484.24519546
     74.00000000	      0.29991000	   -441.84286252
     75.00000000	      0.30401000	   -399.65231372
     76.00000000	      0.30811000	   -357.98993881
     77.00000000	      0.31221000	   -317.17764015
     78.00000000	      0.31631000	   -277.61589146
     79.00000000	      0.32041000	   -239.74170078
     80.00000000	      0.32451000	   -203.96395015
     81.00000000	      0.32861000	   -170.55112423
     82.00000000	      0.33271000	   -139.61790495
     83.00000000	      0.33681000	   -111.25887870
     84.00000000	      0.34091000	    -85.58479263
     85.00000000	      0.34501000	    -62.86214336
     86.00000000	      0.34911000	    -29.80904231
     87.00000000	      0.35321000	      1.33047641
     88.00000000	      0.35731000	      1.38544729
     89.00000000	      0.36141000	      1.45556715
     90.00000000	      0.36551000	      1.53297240
     91.00000000	      0.36961000	      1.61588869
     92.00000000	      0.37371000	      1.70264358
     93.00000000	      0.37781000	      1.79169393
     94.00000000	      0.38191000	      1.88164458
     95.00000000	      0.38601000	      1.97126364
     96.00000000	      0.39011000	      2.05949416
     97.00000000	      0.39421000	      2.14545968
     98.00000000	      0.39831000	      2.22846100
     99.00000000	      0.40241000	      2.30796726
    100.00000000	      0.40651000	      2.38349311
    101.00000000	      0.41061000	      2.45486012
    102.00000000	      0.41471000	      2.52196133
    103.00000000	      0.41881000	      2.58472813
    104.00000000	      0.42291000	      2.64312835
    105.00000000	      0.42701000	      2.69714324
    106.00000000	      0.43111000	      2.74675207
    107.00000000	      0.43521000	      2.79191711
    108.00000000	      0.43931000	      2.83256520
    109.00000000	      0.44341000	      2.86853975
    110.00000000	      0.44751000	      2.89952868
    111.00000000	      0.45161000	      2.92530824
    112.00000000	      0.45571000	      2.94543273
    113.00000000	      0.45981000	      2.95935327
    114.00000000	      0.46391000	      2.96641634
    115.00000000	      0.46801000	      2.96586198
    116.00000000	      0.47211000	      2.95683601
    117.00000000	      0.47621000	      2.93840033
    118.00000000	      0.48031000	      2.90943708
    119.00000000	      0.48441000	      2.86874912
    120.00000000	      0.48851000	      2.81543514
    121.00000000	      0.49261000	      2.74843442
    122.00000000	      0.49671000	      2.66677674
    123.00000000	      0.50081000	      2.56963179
    124.00000000	      0.50491000	      2.45635192
    125.00000000	      0.50901000	      2.32651591
    126.00000000	      0.51311000	      2.17998491
    127.00000000	      0.51721000	      2.01681379
    128.00000000	      0.52131000	      1.83763093
    129.00000000	      0.52541000	      1.64361158
    130.00000000	      0.52951000	      1.43623169
    131.00000000	      0.53361000	      1.21744260
    132.00000000	      0.53771000	      0.98968384
    133.00000000	      0.54181000	      0.75586876
    134.00000000	      0.54591000	      0.51936195
    135.00000000	      0.55001000	      0.28395645
    136.00000000	      0.55411000	      0.05382871
    137.00000000	      0.55821000	     -0.16654861
    138.00000000	      0.56231000	     -0.37253513
    139.00000000	      0.56641000	     -0.55948154
    140.00000000	      0.57051000	     -0.72289437
    141.00000000	      0.57461000	     -0.85856497
    142.00000000	      0.57871000	     -0.96272998
    143.00000000	      0.58281000	     -1.03221794
    144.00000000	      0.58691000	     -1.06458159
    145.00000000	      0.59101000	     -1.05821778
    146.00000000	      0.59511000	     -1.01246997
    147.00000000	      0.59921000	     -0.92769860
    148.00000000	      0.60331000	     -0.80530928
    149.00000000	      0.60741000	     -0.64773469
    150.00000000	      0.61151000	     -0.45836925
    151.00000000	      0.61561000	     -0.24145735
    152.00000000	      0.61971000	     -0.00193443
    153.00000000	      0.62381000	      0.25478322
    154.00000000	      0.62791000	      0.52301236
    155.00000000	      0.63201000	      0.79706729
    156.00000000	      0.63611000	      1.07145099
    157.00000000	      0.64021000	      1.34100231
    158.00000000	      0.64431000	      1.60102745
    159.00000000	      0.64841000	      1.84741827
    160.00000000	      0.65251000	      2.07673751
    161.00000000	      0.65661000	      2.28627520
    162.00000000	      0.66071000	      2.47408480
    163.00000000	      0.66481000	      2.63898249
    164.00000000	      0.66891000	      2.78048892
    165.00000000	      0.67301000	      2.89857987
    166.00000000	      0.67711000	      2.99405064
    167.00000000	      0.68121000	      3.06792764
    168.00000000	      0.68531000	      3.12152378
    169.00000000	      0.68941000	      3.15635603
    170.00000000	      0.69351000	      3.17407629
    171.00000000	      0.69761000	      3.17640892
    172.00000000	      0.70171000	      3.16508684
    173.00000000	      0.70581000	      3.14179467
    174.00000000	      0.70991000	      3.10813360
    175.00000000	      0.71401000	      3.06560791
    176.00000000	      0.71811000	      3.01561876
    177.00000000	      0.72221000	      2.95946041
    178.00000000	      0.72631000	      2.89832489
    179.00000000	      0.73041000	      2.83331358
    180.00000000	      0.73451000	      2.76543998
    181.00000000	      0.73861000	      2.69564453
    182.00000000	      0.74271000	      2.63172527
    183.00000000	      0.74681000	    190.71514184
    184.00000000	      0.75091000	    237.46009369
    185.00000000	      0.75501000	    298.01605943
    186.00000000	      0.75911000	    350.78298112
    187.00000000	      0.76321000	    387.85221094
    188.00000000	      0.76731000	    406.66932793
    189.00000000	      0.77141000	    408.42659307
    190.00000000	      0.77551000	    395.26511850
    191.00000000	      0.77961000	    368.01768797
    192.00000000	      0.78371000	    327.91576122
    193.00000000	      0.78781000	    277.52821121
    194.00000000	      0.79191000	    220.11633747
    195.00000000	      0.79601000	    157.89636124
    196.00000000	      0.80011000	     92.10505739
    197.00000000	      0.80421000	     23.21403226
    198.00000000	      0.80831000	    -48.35810760
    199.00000000	      0.81241000	   -122.01998735
    200.00000000	      0.81651000	   -196.88847197
    201.00000000	      0.82061000	   -271.64774256
    202.00000000	      0.82471000	   -345.03984697
    203.00000000	      0.82881000	   -415.65563413
    204.00000000	      0.83291000	   -482.29108454
    205.00000000	      0.83701000	   -543.73762096
    206.00000000	      0.84111000	   -598.98746934
    207.00000000	      0.84521000	   -647.20726857
    208.00000000	      0.84931000	   -687.74947995
    209.00000000	      0.85341000	   -720.28565275
    210.00000000	      0.85751000	   -744.68107124
    211.00000000	      0.86161000	   -761.19973185
    212.00000000	      0.86571000	   -770.35919586
    213.00000000	      0.86981000	   -773.05459880
    214.00000000	      0.87391000	   -770.16051496
    215.00000000	      0.87801000	   -762.67255358
    216.00000000	      0.88211000	   -751.41744793
    217.00000000	      0.88621000	   -737.25842145
    218.00000000	      0.89031000	   -720.89419288
    219.00000000	      0.89441000	   -703.15909534
    220.00000000	      0.89851000	   -684.62153232
    221.00000000	      0.90261000	   -665.91714276
    222.00000000	      0.90671000	   -647.49440217
    223.00000000	      0.91081000	   -629.71376178
    224.00000000	      0.91491000	   -612.81455308
    225.00000000	      0.91901000	   -596.99606104
    226.00000000	      0.92311000	   -582.44185096
    227.00000000	      0.92721000	   -569.23566999
    228.00000000	      0.93131000	   -557.39698797
    229.00000000	      0.93541000	   -546.85581341
    230.00000000	      0.93951000	   -537.56316261
    231.00000000	      0.94361000	   -529.47097710
    232.00000000	      0.94771000	   -522.58196514
    233.00000000	      0.95181000	   -516.87075042
    234.00000000	      0.95591000	   -512.36393437
    235.00000000	      0.96001000	   -509.09306895
    236.00000000	      0.96411000	   -507.13364951
    237.00000000	      0.96821000	   -506.43847937
    238.00000000	      0.97231000	   -506.83571097
    239.00000000	      0.97641000	   -507.96873199
    240.00000000	      0.98051000	   -509.50859654
    241.00000000	      0.98461000	   -511.17907904
    242.00000000	      0.98871000	   -512.83963997
    243.00000000	      0.99281000	   -514.35865799
    244.00000000	      0.99691000	   -515.65969519
    245.00000000	      1.00101000	   -516.65407499
    246.00000000	      1.00511000	   -517.32724699
    247.00000000	      1.00921000	   -517.70483149
    248.00000000	      1.01331000	   -517.88788243
    249.00000000	      1.01741000	   -517.96427270
    250.00000000	      1.02151000	   -518.02907928
    251.00000000	      1.02561000	   -518.16109593
    252.00000000	      1.02971000	   -518.39451278
    253.00000000	      1.03381000	   -518.75167980
    254.00000000	      1.03791000	   -519.23771885
    255.00000000	      1.04201000	   -519.82597481
    256.00000000	      1.04611000	   -520.43544493
    257.00000000	      1.05021000	   -520.99128497
    258.00000000	      1.05431000	   -521.38709003
    259.00000000	      1.05841000	   -521.56963547
    260.00000000	      1.06251000	   -521.42178692
    261.00000000	      1.06661000	   -520.94763807
    262.00000000	      1.07071000	   -520.05417381
    263.00000000	      1.07481000	   -518.76757048
    264.00000000	      1.07891000	   -517.07693242
    265.00000000	      1.08301000	   -515.04111786
    266.00000000	      1.08711000	   -512.66372710
    267.00000000	      1.09121000	   -510.01425368
    268.00000000	      1.09531000	   -507.09945003
    269.00000000	      1.09941000	   -503.95841464
    270.00000000	      1.10351000	   -500.58425230
    271.00000000	      1.10761000	   -497.05079638
    272.00000000	      1.11171000	   -493.37398373
    273.00000000	      1.11581000	   -489.61264355
    274.00000000	      1.11991000	   -485.81828879
    275.00000000	      1.12401000	   -482.02638481
    276.00000000	      1.12811000	   -478.24963878
    277.00000000	      1.13221000	   -474.50295450
    278.00000000	      1.13631000	   -470.84195165
    279.00000000	      1.14041000	   -467.22572906
    280.00000000	      1.14451000	   -463.65991651
    281.00000000	      1.14861000	   -460.09594094
    282.00000000	      1.15271000	   -456.57533282
    283.00000000	      1.15681000	   -453.09969344
    284.00000000	      1.16091000	   -449.75338772
    285.00000000	      1.16501000	   -446.48965990
    286.00000000	      1.16911000	   -443.36976695
    287.00000000	      1.17321000	   -440.38324034
    288.00000000	      1.17731000	   -437.55573919
    289.00000000	      1.18141000	   -434.88249474
    290.00000000	      1.18551000	   -432.39152035
    291.00000000	      1.18961000	   -430.02538685
    292.00000000	      1.19371000	   -427.80717510
    293.00000000	      1.19781000	   -425.71534244
    294.00000000	      1.20191000	   -423.78081075
    295.00000000	      1.20601000	   -421.98511620
    296.00000000	      1.21011000	   -420.30577482
    297.00000000	      1.21421000	   -418.72568865
    298.00000000	      1.21831000	   -417.21846514
    299.00000000	      1.22241000	   -415.78516053
    300.00000000	      1.22651000	   -414.44136270
    301.00000000	      1.23061000	   -413.22997801
    302.00000000	      1.23471000	   -412.12820796
    303.00000000	      1.23881000	   -411.16109864
    304.00000000	      1.24291000	   -410.24499272
    305.00000000	      1.24701000	   -409.35809387
    306.00000000	      1.25111000	   -408.44774599
    307.00000000	      1.25521000	   -407.46161783
    308.00000000	      1.25931000	   -406.33373544
    309.00000000	      1.26341000	   -405.03666350
    310.00000000	      1.26751000	   -403.52339166
    311.00000000	      1.27161000	   -401.80165353
    312.00000000	      1.27571000	   -399.84708799
    313.00000000	      1.27981000	   -397.66016627
    314.00000000	      1.28391000	   -395.19500103
    315.00000000	      1.28801000	   -392.48524703
    316.00000000	      1.29211000	   -389.51452361
    317.00000000	      1.29621000	   -386.27376262
    318.00000000	      1.30031000	   -382.77591322
    319.00000000	      1.30441000	   -379.05720583
    320.00000000	      1.30851000	   -375.16235292
    321.00000000	      1.31261000	   -371.13832369
    322.00000000	      1.31671000	   -367.06357897
    323.00000000	      1.32081000	   -362.96098351
    324.00000000	      1.32491000	   -358.82140227
    325.00000000	      1.32901000	   -354.58890658
    326.00000000	      1.33311000	   -350.19993810
    327.00000000	      1.33721000	   -345.54760915
    328.00000000	      1.34131000	   -340.61282319
    329.00000000	      1.34541000	   -335.35652500
    330.00000000	      1.34951000	   -329.81316221
    331.00000000	      1.35361000	   -323.99525243
    332.00000000	      1.35771000	   -317.95832662
    333.00000000	      1.36181000	   -311.69982856
    334.00000000	      1.36591000	   -305.24489279
    335.00000000	      1.37001000	   -298.56017355
    336.00000000	      1.37411000	   -291.63557989
    337.00000000	      1.37821000	   -284.43444959
    338.00000000	      1.38231000	   -276.95181850
    339.00000000	      1.38641000	   -269.13573000
    340.00000000	      1.39051000	   -261.00869202
    341.00000000	      1.39461000	   -252.55256602
    342.00000000	      1.39871000	   -243.81172528
    343.00000000	      1.40281000	   -234.80535516
    344.00000000	      1.40691000	   -225.57542515
    345.00000000	      1.41101000	   -216.17560165
    346.00000000	      1.41511000	   -206.60421736
    347.00000000	      1.41921000	   -196.89079974
    348.00000000	      1.42331000	   -187.05012065
    349.00000000	      1.42741000	   -177.09073120
    350.00000000	      1.43151000	   -167.03380909
    351.00000000	      1.43561000	   -156.89029913
    352.00000000	      1.43971000	   -146.67890083
    353.00000000	      1.44381000	   -136.43008579
    354.00000000	      1.44791000	   -126.14778589
    355.00000000	      1.45201000	   -115.85755291
    356.00000000	      1.45611000	   -105.54691096
    357.00000000	      1.46021000	    -95.31748144
    358.00000000	      1.46431000	    -85.18814807
    359.00000000	      1.46841000	    -75.25722229
    360.00000000	      1.47251000	    -65.58092744
    361.00000000	      1.47661000	    -56.26469519
    362.00000000	      1.48071000	    -47.36340293
    363.00000000	      1.48481000	    -38.98155333
    364.00000000	      1.48891000	    -31.20755304
    365.00000000	      1.49301000	    -24.11651086
    366.00000000	      1.49711000	    -17.72397271
    367.00000000	      1.50121000	    -12.10797887
    368.00000000	      1.50531000	    -11.32238415
    369.00000000	      1.50941000	      1.87877979
    370.00000000	      1.51351000	      1.82080267
    371.00000000	      1.51761000	      1.78664359
    372.00000000	      1.52171000	      1.74994472
    373.00000000	      1.52581000	      1.71130855
    374.00000000	      1.52991000	      1.67133055
    375.00000000	      1.53401000	      1.63063364
    376.00000000	      1.53811000	      1.58985091
    377.00000000	      1.54221000	      1.54960521
    378.00000000	      1.54631000	      1.51048681
    379.00000000	      1.55041000	      1.47302080
    380.00000000	      1.55451000	      1.43762656
    381.00000000	      1.55861000	      1.40458873
    382.00000000	      1.56271000	      1.37404964
    383.00000000	      1.56681000	      1.34601655
    384.00000000	      1.57091000	      1.32037465
    385.00000000	      1.57501000	      1.29689733
    386.00000000	      1.57911000	      1.27524804
    387.00000000	      1.58321000	      1.25497996
    388.00000000	      1.58731000	      1.23554407
    389.00000000	      1.59141000	      1.21630519
    390.00000000	      1.59551000	      1.19656048
    391.00000000	      1.59961000	      1.17556201
    392.00000000	      1.60371000	      1.15254452
    393.00000000	      1.60781000	      1.12675162
    394.00000000	      1.61191000	      1.09745325
    395.00000000	      1.61601000	      1.06395485
    396.00000000	      1.62011000	      1.02560238
    397.00000000	      1.62421000	      0.98179101
    398.00000000	      1.62831000	      0.93198326
    399.00000000	      1.63241000	      0.87572869
    400.00000000	      1.63651000	      0.81267573
    401.00000000	      1.64061000	      0.74258280
    402.00000000	      1.64471000	      0.66534134
    403.00000000	      1.64881000	      0.58100893
    404.00000000	      1.65291000	      0.48984410
    405.00000000	      1.65701000	      0.39234114
    406.00000000	      1.66111000	      0.28926448
    407.00000000	      1.66521000	      0.18168220
    408.00000000	      1.66931000	      0.07100209
    409.00000000	      1.67341000	     -0.04099433
    410.00000000	      1.67751000	     -0.15213574
    411.00000000	      1.68161000	     -0.25986889
    412.00000000	      1.68571000	     -0.36128149
    413.00000000	      1.68981000	     -0.45314438
    414.00000000	      1.69391000	     -0.53199278
    415.00000000	      1.69801000	     -0.59425073
    416.00000000	      1.70211000	     -0.63637963
    417.00000000	      1.70621000	     -0.65504097
    418.00000000	      1.71031000	     -0.64727843
    419.00000000	      1.71441000	     -0.61071556
    420.00000000	      1.71851000	     -0.54374999
    421.00000000	      1.72261000	     -0.44572047
    422.00000000	      1.72671000	     -0.31702488
    423.00000000	      1.73081000	     -0.15918006
    424.00000000	      1.73491000	      0.02518159
    425.00000000	      1.73901000	      0.23238289
    426.00000000	      1.74311000	      0.45785426
    427.00000000	      1.74721000	      0.69630750
    428.00000000	      1.75131000	      0.94193708
    429.00000000	      1.75541000	      1.18841863
    430.00000000	      1.75951000	      1.42899388
    431.00000000	      1.76361000	      1.65568693
    432.00000000	      1.76771000	      1.85959329
    433.00000000	      1.77181000	      2.02735365
    434.00000000	      1.77591000	      2.14513336
    435.00000000	      1.78001000	      2.18321280
    436.00000000	      1.78411000	      2.12549532
    437.00000000	      1.78821000	      1.89108881
    438.00000000	      1.79231000	      1.51625491
    439.00000000	      1.79641000	      0.68784736
    440.00000000	      1.80051000	      0.48856700
