UNKNOWN
version=1
nRows=441
nColumns=3
inDegrees=no
endheader
time	time	hip_rotation_l_moment
      0.00000000	     -0.00349000	      0.30284045
      1.00000000	      0.00061000	      0.18102474
      2.00000000	      0.00471000	      0.06323269
      3.00000000	      0.00881000	     -0.04905757
      4.00000000	      0.01291000	     -0.15440515
      5.00000000	      0.01701000	     -0.25144618
      6.00000000	      0.02111000	     -0.33894214
      7.00000000	      0.02521000	     -0.41583334
      8.00000000	      0.02931000	     -0.48129274
      9.00000000	      0.03341000	     -0.53477277
     10.00000000	      0.03751000	     -0.57603649
     11.00000000	      0.04161000	     -0.60516936
     12.00000000	      0.04571000	     -0.62257399
     13.00000000	      0.04981000	     -0.62895222
     14.00000000	      0.05391000	     -0.62527711
     15.00000000	      0.05801000	     -0.61275196
     16.00000000	      0.06211000	     -0.59274728
     17.00000000	      0.06621000	     -0.56673697
     18.00000000	      0.07031000	     -0.53625822
     19.00000000	      0.07441000	     -0.50282151
     20.00000000	      0.07851000	     -0.46786900
     21.00000000	      0.08261000	     -0.43272937
     22.00000000	      0.08671000	     -0.39858527
     23.00000000	      0.09081000	     -0.36645325
     24.00000000	      0.09491000	     -0.33716603
     25.00000000	      0.09901000	     -0.31135321
     26.00000000	      0.10311000	     -0.28942874
     27.00000000	      0.10721000	     -0.27159224
     28.00000000	      0.11131000	     -0.25784124
     29.00000000	      0.11541000	     -0.24798794
     30.00000000	      0.11951000	     -0.24167920
     31.00000000	      0.12361000	     -0.23842293
     32.00000000	      0.12771000	     -0.23762441
     33.00000000	      0.13181000	     -0.23863036
     34.00000000	      0.13591000	     -0.24077163
     35.00000000	      0.14001000	     -0.24352400
     36.00000000	      0.14411000	     -0.24617590
     37.00000000	      0.14821000	     -0.24810395
     38.00000000	      0.15231000	     -0.24885774
     39.00000000	      0.15641000	     -0.24810395
     40.00000000	      0.16051000	     -0.24564335
     41.00000000	      0.16461000	     -0.24141850
     42.00000000	      0.16871000	     -0.23854157
     43.00000000	      0.17281000	      2.69425346
     44.00000000	      0.17691000	      1.98875596
     45.00000000	      0.18101000	     -2.91724858
     46.00000000	      0.18511000	     -8.52326482
     47.00000000	      0.18921000	    -14.30141449
     48.00000000	      0.19331000	    -19.69879167
     49.00000000	      0.19741000	    -24.43959360
     50.00000000	      0.20151000	    -28.66287422
     51.00000000	      0.20561000	    -32.70717720
     52.00000000	      0.20971000	    -37.03113948
     53.00000000	      0.21381000	    -42.10413347
     54.00000000	      0.21791000	    -48.03242117
     55.00000000	      0.22201000	    -54.75350862
     56.00000000	      0.22611000	    -61.91433835
     57.00000000	      0.23021000	    -69.22292447
     58.00000000	      0.23431000	    -76.45645466
     59.00000000	      0.23841000	    -83.52785676
     60.00000000	      0.24251000	    -90.37738747
     61.00000000	      0.24661000	    -96.96062494
     62.00000000	      0.25071000	   -103.24906804
     63.00000000	      0.25481000	   -109.22798171
     64.00000000	      0.25891000	   -114.78192484
     65.00000000	      0.26301000	   -119.78224484
     66.00000000	      0.26711000	   -124.24545510
     67.00000000	      0.27121000	   -128.12296951
     68.00000000	      0.27531000	   -131.46556409
     69.00000000	      0.27941000	   -134.20194960
     70.00000000	      0.28351000	   -136.12406586
     71.00000000	      0.28761000	   -136.91074979
     72.00000000	      0.29171000	   -136.37185894
     73.00000000	      0.29581000	   -134.86931971
     74.00000000	      0.29991000	   -132.86666814
     75.00000000	      0.30401000	   -130.57183726
     76.00000000	      0.30811000	   -128.25240885
     77.00000000	      0.31221000	   -125.82616581
     78.00000000	      0.31631000	   -123.24187163
     79.00000000	      0.32041000	   -120.56058613
     80.00000000	      0.32451000	   -117.79749342
     81.00000000	      0.32861000	   -114.98524148
     82.00000000	      0.33271000	   -112.19068262
     83.00000000	      0.33681000	   -109.48311080
     84.00000000	      0.34091000	   -106.93336895
     85.00000000	      0.34501000	   -104.54444097
     86.00000000	      0.34911000	   -102.24844685
     87.00000000	      0.35321000	   -100.08909588
     88.00000000	      0.35731000	    -98.01559468
     89.00000000	      0.36141000	    -96.07035804
     90.00000000	      0.36551000	    -94.33597052
     91.00000000	      0.36961000	    -92.92635960
     92.00000000	      0.37371000	    -91.87675488
     93.00000000	      0.37781000	    -91.21223162
     94.00000000	      0.38191000	    -90.84886605
     95.00000000	      0.38601000	    -90.72567266
     96.00000000	      0.39011000	    -90.69591278
     97.00000000	      0.39421000	    -90.68502642
     98.00000000	      0.39831000	    -90.60624964
     99.00000000	      0.40241000	    -90.42409180
    100.00000000	      0.40651000	    -90.05082328
    101.00000000	      0.41061000	    -89.47587394
    102.00000000	      0.41471000	    -88.64712887
    103.00000000	      0.41881000	    -87.57591873
    104.00000000	      0.42291000	    -86.32215602
    105.00000000	      0.42701000	    -84.92695272
    106.00000000	      0.43111000	    -83.39410973
    107.00000000	      0.43521000	    -81.64762371
    108.00000000	      0.43931000	    -79.65940896
    109.00000000	      0.44341000	    -77.37091499
    110.00000000	      0.44751000	    -74.83175044
    111.00000000	      0.45161000	    -72.06888416
    112.00000000	      0.45571000	    -69.12941560
    113.00000000	      0.45981000	    -65.96733827
    114.00000000	      0.46391000	    -62.69303526
    115.00000000	      0.46801000	    -59.39717860
    116.00000000	      0.47211000	    -56.17716876
    117.00000000	      0.47621000	    -53.04889191
    118.00000000	      0.48031000	    -50.06434355
    119.00000000	      0.48441000	    -47.15571098
    120.00000000	      0.48851000	    -44.31780909
    121.00000000	      0.49261000	    -41.57016255
    122.00000000	      0.49671000	    -38.91171844
    123.00000000	      0.50081000	    -36.24213545
    124.00000000	      0.50491000	    -33.57261024
    125.00000000	      0.50901000	    -30.86468663
    126.00000000	      0.51311000	    -28.13469496
    127.00000000	      0.51721000	    -25.42186681
    128.00000000	      0.52131000	    -22.74388525
    129.00000000	      0.52541000	    -20.13955814
    130.00000000	      0.52951000	    -17.65069109
    131.00000000	      0.53361000	    -15.26113988
    132.00000000	      0.53771000	    -13.02837442
    133.00000000	      0.54181000	    -11.02908769
    134.00000000	      0.54591000	     -9.32423253
    135.00000000	      0.55001000	     -7.98638077
    136.00000000	      0.55411000	     -6.95668718
    137.00000000	      0.55821000	     -6.15159272
    138.00000000	      0.56231000	     -5.43834221
    139.00000000	      0.56641000	     -4.72819183
    140.00000000	      0.57051000	     -3.96069614
    141.00000000	      0.57461000	     -3.16643653
    142.00000000	      0.57871000	     -2.29271236
    143.00000000	      0.58281000	     -1.38951965
    144.00000000	      0.58691000	     -0.46852312
    145.00000000	      0.59101000	      0.51115450
    146.00000000	      0.59511000	      1.55553052
    147.00000000	      0.59921000	      2.60544905
    148.00000000	      0.60331000	      3.71136911
    149.00000000	      0.60741000	      4.84637837
    150.00000000	      0.61151000	      5.99082571
    151.00000000	      0.61561000	      7.14729371
    152.00000000	      0.61971000	      8.31115980
    153.00000000	      0.62381000	      9.44069462
    154.00000000	      0.62791000	     10.56309384
    155.00000000	      0.63201000	     11.66111271
    156.00000000	      0.63611000	     12.65418566
    157.00000000	      0.64021000	     13.58662239
    158.00000000	      0.64431000	     14.47099713
    159.00000000	      0.64841000	     15.31144945
    160.00000000	      0.65251000	     16.09021081
    161.00000000	      0.65661000	     16.82308188
    162.00000000	      0.66071000	     17.42718893
    163.00000000	      0.66481000	     17.91961937
    164.00000000	      0.66891000	     18.26819459
    165.00000000	      0.67301000	     18.46982066
    166.00000000	      0.67711000	     18.42602609
    167.00000000	      0.68121000	     18.18344889
    168.00000000	      0.68531000	     17.74547254
    169.00000000	      0.68941000	     17.11407601
    170.00000000	      0.69351000	     16.28411039
    171.00000000	      0.69761000	     15.32276175
    172.00000000	      0.70171000	     14.18685934
    173.00000000	      0.70581000	     12.94797976
    174.00000000	      0.70991000	     11.69412787
    175.00000000	      0.71401000	     10.44135518
    176.00000000	      0.71811000	      9.16988334
    177.00000000	      0.72221000	      7.93051728
    178.00000000	      0.72631000	      6.73281612
    179.00000000	      0.73041000	      5.54774613
    180.00000000	      0.73451000	      4.41245414
    181.00000000	      0.73861000	      3.33760793
    182.00000000	      0.74271000	      2.32548850
    183.00000000	      0.74681000	      1.40154914
    184.00000000	      0.75091000	      0.58555241
    185.00000000	      0.75501000	     -0.24642316
    186.00000000	      0.75911000	     -1.07159538
    187.00000000	      0.76321000	     -1.83590266
    188.00000000	      0.76731000	     -2.51870158
    189.00000000	      0.77141000	     -3.15096284
    190.00000000	      0.77551000	     -3.77313016
    191.00000000	      0.77961000	     -4.46304650
    192.00000000	      0.78371000	     -5.15682154
    193.00000000	      0.78781000	     -5.88053854
    194.00000000	      0.79191000	     -6.63402067
    195.00000000	      0.79601000	     -7.47158277
    196.00000000	      0.80011000	     -8.36485365
    197.00000000	      0.80421000	     -9.31703817
    198.00000000	      0.80831000	    -10.32495093
    199.00000000	      0.81241000	    -11.43799014
    200.00000000	      0.81651000	    -12.63317223
    201.00000000	      0.82061000	    -13.87958680
    202.00000000	      0.82471000	    -15.15291328
    203.00000000	      0.82881000	    -16.40614852
    204.00000000	      0.83291000	    -17.60965543
    205.00000000	      0.83701000	    -18.79004617
    206.00000000	      0.84111000	    -19.91631216
    207.00000000	      0.84521000	    -20.95802275
    208.00000000	      0.84931000	    -21.96402787
    209.00000000	      0.85341000	    -22.84442995
    210.00000000	      0.85751000	    -23.61035414
    211.00000000	      0.86161000	    -24.25316601
    212.00000000	      0.86571000	    -24.73863247
    213.00000000	      0.86981000	    -25.02974674
    214.00000000	      0.87391000	    -25.16409303
    215.00000000	      0.87801000	    -25.15225308
    216.00000000	      0.88211000	    -24.98846409
    217.00000000	      0.88621000	    -24.66888430
    218.00000000	      0.89031000	    -24.23025079
    219.00000000	      0.89441000	    -23.68323493
    220.00000000	      0.89851000	    -23.07040074
    221.00000000	      0.90261000	    -22.38151014
    222.00000000	      0.90671000	    -21.65728458
    223.00000000	      0.91081000	    -20.82568643
    224.00000000	      0.91491000	    -19.88102222
    225.00000000	      0.91901000	    -18.80393815
    226.00000000	      0.92311000	    -17.57266675
    227.00000000	      0.92721000	    -16.20511835
    228.00000000	      0.93131000	    -14.71645546
    229.00000000	      0.93541000	    -13.15697599
    230.00000000	      0.93951000	    -11.54474585
    231.00000000	      0.94361000	    -10.00617088
    232.00000000	      0.94771000	     -8.52764458
    233.00000000	      0.95181000	     -7.22160459
    234.00000000	      0.95591000	     -6.18706836
    235.00000000	      0.96001000	     -2.38653367
    236.00000000	      0.96411000	     -2.32491891
    237.00000000	      0.96821000	     -2.22253105
    238.00000000	      0.97231000	     -2.10558159
    239.00000000	      0.97641000	     -1.97697486
    240.00000000	      0.98051000	     -1.83933374
    241.00000000	      0.98461000	     -1.69492253
    242.00000000	      0.98871000	     -1.54571462
    243.00000000	      0.99281000	     -1.39348906
    244.00000000	      0.99691000	     -1.24314985
    245.00000000	      1.00101000	     -1.10114734
    246.00000000	      1.00511000	     -0.96151588
    247.00000000	      1.00921000	     -0.82542982
    248.00000000	      1.01331000	     -0.69406459
    249.00000000	      1.01741000	     -0.56858627
    250.00000000	      1.02151000	     -0.45012880
    251.00000000	      1.02561000	     -0.34372761
    252.00000000	      1.02971000	     -0.25352599
    253.00000000	      1.03381000	     -0.17226957
    254.00000000	      1.03791000	     -0.10057720
    255.00000000	      1.04201000	     -0.03903207
    256.00000000	      1.04611000	      0.01185529
    257.00000000	      1.05021000	      0.05167289
    258.00000000	      1.05431000	      0.07690097
    259.00000000	      1.05841000	      0.08841144
    260.00000000	      1.06251000	      0.08952859
    261.00000000	      1.06661000	      0.08021972
    262.00000000	      1.07071000	      0.06060592
    263.00000000	      1.07481000	      0.03099847
    264.00000000	      1.07891000	     -0.00810043
    265.00000000	      1.08301000	     -0.05601826
    266.00000000	      1.08711000	     -0.11410931
    267.00000000	      1.09121000	     -0.17884866
    268.00000000	      1.09531000	     -0.24859993
    269.00000000	      1.09941000	     -0.32231684
    270.00000000	      1.10351000	     -0.39884843
    271.00000000	      1.10761000	     -0.47694778
    272.00000000	      1.11171000	     -0.55526517
    273.00000000	      1.11581000	     -0.63235277
    274.00000000	      1.11991000	     -0.70668932
    275.00000000	      1.12401000	     -0.77671358
    276.00000000	      1.12811000	     -0.84085581
    277.00000000	      1.13221000	     -0.89754800
    278.00000000	      1.13631000	     -0.94522927
    279.00000000	      1.14041000	     -0.98233442
    280.00000000	      1.14451000	     -1.00727427
    281.00000000	      1.14861000	     -1.01851421
    282.00000000	      1.15271000	     -1.01464580
    283.00000000	      1.15681000	     -0.99445101
    284.00000000	      1.16091000	     -0.95696313
    285.00000000	      1.16501000	     -0.90153503
    286.00000000	      1.16911000	     -0.82791215
    287.00000000	      1.17321000	     -0.73629636
    288.00000000	      1.17731000	     -0.62738751
    289.00000000	      1.18141000	     -0.50239726
    290.00000000	      1.18551000	     -0.36303787
    291.00000000	      1.18961000	     -0.21149442
    292.00000000	      1.19371000	     -0.05038265
    293.00000000	      1.19781000	      0.11732082
    294.00000000	      1.20191000	      0.28838919
    295.00000000	      1.20601000	      0.45949109
    296.00000000	      1.21011000	      0.62734898
    297.00000000	      1.21421000	      0.78888478
    298.00000000	      1.21831000	      0.94133014
    299.00000000	      1.22241000	      1.08229438
    300.00000000	      1.22651000	      1.20980335
    301.00000000	      1.23061000	      1.32232437
    302.00000000	      1.23471000	      1.41877658
    303.00000000	      1.23881000	      1.49851874
    304.00000000	      1.24291000	      1.56131174
    305.00000000	      1.24701000	      1.60726148
    306.00000000	      1.25111000	      1.63675469
    307.00000000	      1.25521000	      1.65040135
    308.00000000	      1.25931000	      1.64898809
    309.00000000	      1.26341000	      1.63343280
    310.00000000	      1.26751000	      1.60473551
    311.00000000	      1.27161000	      1.56394644
    312.00000000	      1.27571000	      1.58038604
    313.00000000	      1.27981000	      1.54019375
    314.00000000	      1.28391000	      1.49540376
    315.00000000	      1.28801000	      1.44792693
    316.00000000	      1.29211000	      1.39982839
    317.00000000	      1.29621000	      1.35331594
    318.00000000	      1.30031000	      1.31073203
    319.00000000	      1.30441000	      1.27454686
    320.00000000	      1.30851000	      1.24732891
    321.00000000	      1.31261000	      1.23166591
    322.00000000	      1.31671000	      1.23005123
    323.00000000	      1.32081000	      1.24479167
    324.00000000	      1.32491000	      1.27796451
    325.00000000	      1.32901000	      1.33137920
    326.00000000	      1.33311000	      1.40647242
    327.00000000	      1.33721000	      1.50413491
    328.00000000	      1.34131000	      1.62457083
    329.00000000	      1.34541000	      1.76752846
    330.00000000	      1.34951000	      1.75221777
    331.00000000	      1.35361000	     -3.38543560
    332.00000000	      1.35771000	     -8.25470175
    333.00000000	      1.36181000	    -15.30046644
    334.00000000	      1.36591000	    -23.82865080
    335.00000000	      1.37001000	    -32.82375162
    336.00000000	      1.37411000	    -41.09600700
    337.00000000	      1.37821000	    -47.49183075
    338.00000000	      1.38231000	    -51.70658256
    339.00000000	      1.38641000	    -54.07913079
    340.00000000	      1.39051000	    -55.48148919
    341.00000000	      1.39461000	    -56.71021842
    342.00000000	      1.39871000	    -58.21521579
    343.00000000	      1.40281000	    -59.98130732
    344.00000000	      1.40691000	    -61.89087736
    345.00000000	      1.41101000	    -63.67618862
    346.00000000	      1.41511000	    -65.20570109
    347.00000000	      1.41921000	    -66.31958284
    348.00000000	      1.42331000	    -66.99164920
    349.00000000	      1.42741000	    -67.17755480
    350.00000000	      1.43151000	    -66.93226635
    351.00000000	      1.43561000	    -66.37134683
    352.00000000	      1.43971000	    -65.50465254
    353.00000000	      1.44381000	    -64.49710680
    354.00000000	      1.44791000	    -63.49066509
    355.00000000	      1.45201000	    -62.66569449
    356.00000000	      1.45611000	    -62.07868561
    357.00000000	      1.46021000	    -61.82865070
    358.00000000	      1.46431000	    -61.90276238
    359.00000000	      1.46841000	    -62.32450580
    360.00000000	      1.47251000	    -63.04517004
    361.00000000	      1.47661000	    -64.08652110
    362.00000000	      1.48071000	    -65.41845652
    363.00000000	      1.48481000	    -67.13065984
    364.00000000	      1.48891000	    -69.22722054
    365.00000000	      1.49301000	    -71.62911856
    366.00000000	      1.49711000	    -74.26195848
    367.00000000	      1.50121000	    -77.07831264
    368.00000000	      1.50531000	    -80.09767564
    369.00000000	      1.50941000	    -83.31615154
    370.00000000	      1.51351000	    -86.73598956
    371.00000000	      1.51761000	    -90.27194074
    372.00000000	      1.52171000	    -93.87891251
    373.00000000	      1.52581000	    -97.50778999
    374.00000000	      1.52991000	   -101.14982404
    375.00000000	      1.53401000	   -104.71653518
    376.00000000	      1.53811000	   -108.14506133
    377.00000000	      1.54221000	   -111.32603527
    378.00000000	      1.54631000	   -114.25575568
    379.00000000	      1.55041000	   -116.81633574
    380.00000000	      1.55451000	   -119.02010279
    381.00000000	      1.55861000	   -120.78451528
    382.00000000	      1.56271000	   -122.24255025
    383.00000000	      1.56681000	   -123.37872916
    384.00000000	      1.57091000	   -124.33052837
    385.00000000	      1.57501000	   -125.10670826
    386.00000000	      1.57911000	   -125.82106547
    387.00000000	      1.58321000	   -126.48631675
    388.00000000	      1.58731000	   -127.14742703
    389.00000000	      1.59141000	   -127.84583738
    390.00000000	      1.59551000	   -128.65559708
    391.00000000	      1.59961000	   -129.59445356
    392.00000000	      1.60371000	   -130.64863624
    393.00000000	      1.60781000	   -131.79939904
    394.00000000	      1.61191000	   -133.00473940
    395.00000000	      1.61601000	   -134.25031677
    396.00000000	      1.62011000	   -135.47548688
    397.00000000	      1.62421000	   -136.69627048
    398.00000000	      1.62831000	   -137.79987547
    399.00000000	      1.63241000	   -138.78205770
    400.00000000	      1.63651000	   -139.58239207
    401.00000000	      1.64061000	   -140.25106687
    402.00000000	      1.64471000	   -140.76223156
    403.00000000	      1.64881000	   -141.21338253
    404.00000000	      1.65291000	   -141.53571439
    405.00000000	      1.65701000	   -141.83265058
    406.00000000	      1.66111000	   -142.12001998
    407.00000000	      1.66521000	   -142.43740724
    408.00000000	      1.66931000	   -142.74205193
    409.00000000	      1.67341000	   -143.08641329
    410.00000000	      1.67751000	   -143.43284112
    411.00000000	      1.68161000	   -143.76466716
    412.00000000	      1.68571000	   -144.03961754
    413.00000000	      1.68981000	   -144.31550756
    414.00000000	      1.69391000	   -144.62232598
    415.00000000	      1.69801000	   -145.03871853
    416.00000000	      1.70211000	   -145.60575123
    417.00000000	      1.70621000	   -146.29618589
    418.00000000	      1.71031000	   -147.10386104
    419.00000000	      1.71441000	   -148.02874478
    420.00000000	      1.71851000	   -149.12355548
    421.00000000	      1.72261000	   -150.39275628
    422.00000000	      1.72671000	   -151.89552688
    423.00000000	      1.73081000	   -153.61729803
    424.00000000	      1.73491000	   -155.57207959
    425.00000000	      1.73901000	   -157.74440607
    426.00000000	      1.74311000	   -160.15684180
    427.00000000	      1.74721000	   -162.74910176
    428.00000000	      1.75131000	   -165.49385351
    429.00000000	      1.75541000	   -168.28509028
    430.00000000	      1.75951000	   -171.02182345
    431.00000000	      1.76361000	   -173.49506419
    432.00000000	      1.76771000	   -175.57177743
    433.00000000	      1.77181000	   -177.08122332
    434.00000000	      1.77591000	   -177.97734193
    435.00000000	      1.78001000	   -178.08171194
    436.00000000	      1.78411000	   -177.42522224
    437.00000000	      1.78821000	   -175.48169206
    438.00000000	      1.79231000	   -172.87781889
    439.00000000	      1.79641000	   -167.62369019
    440.00000000	      1.80051000	   -167.72016374
