UNKNOWN
version=1
nRows=441
nColumns=3
inDegrees=no
endheader
time	time	hip_rotation_r_moment
      0.00000000	     -0.00349000	   -251.57019283
      1.00000000	      0.00061000	   -254.52925504
      2.00000000	      0.00471000	   -257.49897041
      3.00000000	      0.00881000	   -260.47028156
      4.00000000	      0.01291000	   -263.26700389
      5.00000000	      0.01701000	   -265.62133137
      6.00000000	      0.02111000	   -267.56682532
      7.00000000	      0.02521000	   -269.12113115
      8.00000000	      0.02931000	   -270.22942703
      9.00000000	      0.03341000	   -270.97801157
     10.00000000	      0.03751000	   -271.53392231
     11.00000000	      0.04161000	   -271.96498038
     12.00000000	      0.04571000	   -272.37918163
     13.00000000	      0.04981000	   -272.81091158
     14.00000000	      0.05391000	   -273.01859914
     15.00000000	      0.05801000	   -272.95265774
     16.00000000	      0.06211000	   -272.77819013
     17.00000000	      0.06621000	   -272.48933132
     18.00000000	      0.07031000	   -272.06874435
     19.00000000	      0.07441000	   -271.55879558
     20.00000000	      0.07851000	   -270.85535543
     21.00000000	      0.08261000	   -269.84748864
     22.00000000	      0.08671000	   -268.50694347
     23.00000000	      0.09081000	   -266.77448549
     24.00000000	      0.09491000	   -264.54678001
     25.00000000	      0.09901000	   -261.88114439
     26.00000000	      0.10311000	   -258.83652901
     27.00000000	      0.10721000	   -255.31594099
     28.00000000	      0.11131000	   -251.34299500
     29.00000000	      0.11541000	   -246.93584063
     30.00000000	      0.11951000	   -242.05739874
     31.00000000	      0.12361000	   -236.84578233
     32.00000000	      0.12771000	   -231.41718018
     33.00000000	      0.13181000	   -225.70031870
     34.00000000	      0.13591000	   -219.67543428
     35.00000000	      0.14001000	   -213.23199761
     36.00000000	      0.14411000	   -206.16845055
     37.00000000	      0.14821000	   -198.35931828
     38.00000000	      0.15231000	   -189.82530506
     39.00000000	      0.15641000	   -180.55934692
     40.00000000	      0.16051000	   -170.61999419
     41.00000000	      0.16461000	   -160.16083679
     42.00000000	      0.16871000	   -149.35332974
     43.00000000	      0.17281000	   -138.24527058
     44.00000000	      0.17691000	   -127.00908854
     45.00000000	      0.18101000	   -115.95239212
     46.00000000	      0.18511000	   -105.21867329
     47.00000000	      0.18921000	    -94.80435349
     48.00000000	      0.19331000	    -84.69645532
     49.00000000	      0.19741000	    -74.75949435
     50.00000000	      0.20151000	    -64.85202370
     51.00000000	      0.20561000	    -55.02004898
     52.00000000	      0.20971000	    -45.33935586
     53.00000000	      0.21381000	    -35.82407966
     54.00000000	      0.21791000	    -26.57317406
     55.00000000	      0.22201000	    -17.66950385
     56.00000000	      0.22611000	     -9.07392478
     57.00000000	      0.23021000	     -0.94286908
     58.00000000	      0.23431000	      6.40024780
     59.00000000	      0.23841000	     12.95545606
     60.00000000	      0.24251000	     18.77596054
     61.00000000	      0.24661000	     23.77708274
     62.00000000	      0.25071000	     28.11098603
     63.00000000	      0.25481000	     31.93833787
     64.00000000	      0.25891000	     35.13771868
     65.00000000	      0.26301000	     37.64156507
     66.00000000	      0.26711000	     39.60584880
     67.00000000	      0.27121000	     40.95693095
     68.00000000	      0.27531000	     41.55241500
     69.00000000	      0.27941000	     41.45211471
     70.00000000	      0.28351000	     40.69957566
     71.00000000	      0.28761000	     39.31735583
     72.00000000	      0.29171000	     37.55898573
     73.00000000	      0.29581000	     35.55578322
     74.00000000	      0.29991000	     33.30562542
     75.00000000	      0.30401000	     30.86479225
     76.00000000	      0.30811000	     28.23828234
     77.00000000	      0.31221000	     25.33979003
     78.00000000	      0.31631000	     22.15133962
     79.00000000	      0.32041000	     18.82732958
     80.00000000	      0.32451000	     15.48929491
     81.00000000	      0.32861000	     12.17759838
     82.00000000	      0.33271000	      9.07206943
     83.00000000	      0.33681000	      6.31134093
     84.00000000	      0.34091000	      3.90466945
     85.00000000	      0.34501000	      1.91343434
     86.00000000	      0.34911000	      0.02209664
     87.00000000	      0.35321000	     -1.19703561
     88.00000000	      0.35731000	     -1.03082198
     89.00000000	      0.36141000	     -0.87471254
     90.00000000	      0.36551000	     -0.72660433
     91.00000000	      0.36961000	     -0.58482161
     92.00000000	      0.37371000	     -0.44762751
     93.00000000	      0.37781000	     -0.31333721
     94.00000000	      0.38191000	     -0.18040596
     95.00000000	      0.38601000	     -0.04749025
     96.00000000	      0.39011000	      0.08651269
     97.00000000	      0.39421000	      0.22243048
     98.00000000	      0.39831000	      0.36077240
     99.00000000	      0.40241000	      0.50169008
    100.00000000	      0.40651000	      0.63919126
    101.00000000	      0.41061000	      0.77632790
    102.00000000	      0.41471000	      0.91380002
    103.00000000	      0.41881000	      1.05031495
    104.00000000	      0.42291000	      1.18423096
    105.00000000	      0.42701000	      1.31361804
    106.00000000	      0.43111000	      1.43633257
    107.00000000	      0.43521000	      1.55008105
    108.00000000	      0.43931000	      1.65246430
    109.00000000	      0.44341000	      1.73945292
    110.00000000	      0.44751000	      1.80307930
    111.00000000	      0.45161000	      1.84823898
    112.00000000	      0.45571000	      1.87288403
    113.00000000	      0.45981000	      1.87533381
    114.00000000	      0.46391000	      1.85441415
    115.00000000	      0.46801000	      1.80955945
    116.00000000	      0.47211000	      1.74089086
    117.00000000	      0.47621000	      1.64929535
    118.00000000	      0.48031000	      1.53439040
    119.00000000	      0.48441000	      1.39684648
    120.00000000	      0.48851000	      1.24458102
    121.00000000	      0.49261000	      1.08170244
    122.00000000	      0.49671000	      0.91290433
    123.00000000	      0.50081000	      0.74330982
    124.00000000	      0.50491000	      0.57826358
    125.00000000	      0.50901000	      0.42307291
    126.00000000	      0.51311000	      0.28270976
    127.00000000	      0.51721000	      0.15911357
    128.00000000	      0.52131000	      0.05677301
    129.00000000	      0.52541000	     -0.01958498
    130.00000000	      0.52951000	     -0.06920501
    131.00000000	      0.53361000	     -0.09288224
    132.00000000	      0.53771000	     -0.09296791
    133.00000000	      0.54181000	     -0.07322782
    134.00000000	      0.54591000	     -0.03858908
    135.00000000	      0.55001000	      0.00518251
    136.00000000	      0.55411000	      0.05187408
    137.00000000	      0.55821000	      0.09529097
    138.00000000	      0.56231000	      0.12977136
    139.00000000	      0.56641000	      0.15062813
    140.00000000	      0.57051000	      0.15444622
    141.00000000	      0.57461000	      0.13937670
    142.00000000	      0.57871000	      0.10520359
    143.00000000	      0.58281000	      0.05337927
    144.00000000	      0.58691000	     -0.01310148
    145.00000000	      0.59101000	     -0.09003043
    146.00000000	      0.59511000	     -0.17245374
    147.00000000	      0.59921000	     -0.25516766
    148.00000000	      0.60331000	     -0.33318091
    149.00000000	      0.60741000	     -0.40211859
    150.00000000	      0.61151000	     -0.45853167
    151.00000000	      0.61561000	     -0.50007501
    152.00000000	      0.61971000	     -0.52553596
    153.00000000	      0.62381000	     -0.53470018
    154.00000000	      0.62791000	     -0.52832389
    155.00000000	      0.63201000	     -0.50779527
    156.00000000	      0.63611000	     -0.47486882
    157.00000000	      0.64021000	     -0.43139330
    158.00000000	      0.64431000	     -0.37915700
    159.00000000	      0.64841000	     -0.31985411
    160.00000000	      0.65251000	     -0.25512038
    161.00000000	      0.65661000	     -0.18662910
    162.00000000	      0.66071000	     -0.11623365
    163.00000000	      0.66481000	     -0.04608235
    164.00000000	      0.66891000	      0.02135634
    165.00000000	      0.67301000	      0.08068968
    166.00000000	      0.67711000	      0.13175928
    167.00000000	      0.68121000	      0.17195093
    168.00000000	      0.68531000	      0.19873278
    169.00000000	      0.68941000	      0.20992610
    170.00000000	      0.69351000	      0.20387077
    171.00000000	      0.69761000	      0.17955890
    172.00000000	      0.70171000	      0.13672644
    173.00000000	      0.70581000	      0.07589127
    174.00000000	      0.70991000	     -0.00167220
    175.00000000	      0.71401000	     -0.09402011
    176.00000000	      0.71811000	     -0.19866765
    177.00000000	      0.72221000	     -0.31273955
    178.00000000	      0.72631000	     -0.43313341
    179.00000000	      0.73041000	     -0.55667827
    180.00000000	      0.73451000	     -0.68038331
    181.00000000	      0.73861000	     -0.80120144
    182.00000000	      0.74271000	     -0.90004441
    183.00000000	      0.74681000	    -45.96717645
    184.00000000	      0.75091000	    -53.20088796
    185.00000000	      0.75501000	    -64.42019211
    186.00000000	      0.75911000	    -74.57791897
    187.00000000	      0.76321000	    -82.60698153
    188.00000000	      0.76731000	    -87.96692546
    189.00000000	      0.77141000	    -90.34316410
    190.00000000	      0.77551000	    -89.67652398
    191.00000000	      0.77961000	    -86.08338965
    192.00000000	      0.78371000	    -79.91674994
    193.00000000	      0.78781000	    -71.73486920
    194.00000000	      0.79191000	    -62.20043350
    195.00000000	      0.79601000	    -51.84622609
    196.00000000	      0.80011000	    -41.21474286
    197.00000000	      0.80421000	    -30.57090911
    198.00000000	      0.80831000	    -19.97987986
    199.00000000	      0.81241000	     -9.49765753
    200.00000000	      0.81651000	      0.72901359
    201.00000000	      0.82061000	     10.47145822
    202.00000000	      0.82471000	     19.51892036
    203.00000000	      0.82881000	     27.67277390
    204.00000000	      0.83291000	     34.71921409
    205.00000000	      0.83701000	     40.51828141
    206.00000000	      0.84111000	     44.92972561
    207.00000000	      0.84521000	     47.92543934
    208.00000000	      0.84931000	     49.53837513
    209.00000000	      0.85341000	     49.83617243
    210.00000000	      0.85751000	     48.91831962
    211.00000000	      0.86161000	     46.96613155
    212.00000000	      0.86571000	     44.17580128
    213.00000000	      0.86981000	     40.72380444
    214.00000000	      0.87391000	     36.85484091
    215.00000000	      0.87801000	     32.72344211
    216.00000000	      0.88211000	     28.43471050
    217.00000000	      0.88621000	     24.11237714
    218.00000000	      0.89031000	     19.82266403
    219.00000000	      0.89441000	     15.60165634
    220.00000000	      0.89851000	     11.45937538
    221.00000000	      0.90261000	      7.43260349
    222.00000000	      0.90671000	      3.56518978
    223.00000000	      0.91081000	     -0.11791092
    224.00000000	      0.91491000	     -3.56083564
    225.00000000	      0.91901000	     -6.80240796
    226.00000000	      0.92311000	     -9.84898630
    227.00000000	      0.92721000	    -12.68083093
    228.00000000	      0.93131000	    -15.31414571
    229.00000000	      0.93541000	    -17.82041399
    230.00000000	      0.93951000	    -20.21665078
    231.00000000	      0.94361000	    -22.47647003
    232.00000000	      0.94771000	    -24.64628018
    233.00000000	      0.95181000	    -26.75524032
    234.00000000	      0.95591000	    -28.85883103
    235.00000000	      0.96001000	    -31.00889277
    236.00000000	      0.96411000	    -33.27438426
    237.00000000	      0.96821000	    -35.72520956
    238.00000000	      0.97231000	    -38.41569011
    239.00000000	      0.97641000	    -41.34456477
    240.00000000	      0.98051000	    -44.42371251
    241.00000000	      0.98461000	    -47.60545404
    242.00000000	      0.98871000	    -50.86838043
    243.00000000	      0.99281000	    -54.16851187
    244.00000000	      0.99691000	    -57.50127707
    245.00000000	      1.00101000	    -60.85759460
    246.00000000	      1.00511000	    -64.21804891
    247.00000000	      1.00921000	    -67.56076005
    248.00000000	      1.01331000	    -70.91070172
    249.00000000	      1.01741000	    -74.18942155
    250.00000000	      1.02151000	    -77.35866789
    251.00000000	      1.02561000	    -80.41379641
    252.00000000	      1.02971000	    -83.39053587
    253.00000000	      1.03381000	    -86.29645561
    254.00000000	      1.03791000	    -89.12054995
    255.00000000	      1.04201000	    -91.86263827
    256.00000000	      1.04611000	    -94.48050212
    257.00000000	      1.05021000	    -97.01464992
    258.00000000	      1.05431000	    -99.46110838
    259.00000000	      1.05841000	   -101.81036384
    260.00000000	      1.06251000	   -104.06300262
    261.00000000	      1.06661000	   -106.22683910
    262.00000000	      1.07071000	   -108.29254417
    263.00000000	      1.07481000	   -110.21056597
    264.00000000	      1.07891000	   -112.01144276
    265.00000000	      1.08301000	   -113.73018829
    266.00000000	      1.08711000	   -115.34030267
    267.00000000	      1.09121000	   -116.89643984
    268.00000000	      1.09531000	   -118.38425248
    269.00000000	      1.09941000	   -119.76977730
    270.00000000	      1.10351000	   -121.03120374
    271.00000000	      1.10761000	   -122.20888874
    272.00000000	      1.11171000	   -123.31713392
    273.00000000	      1.11581000	   -124.33267508
    274.00000000	      1.11991000	   -125.25186495
    275.00000000	      1.12401000	   -126.05004441
    276.00000000	      1.12811000	   -126.68050586
    277.00000000	      1.13221000	   -127.18194898
    278.00000000	      1.13631000	   -127.60289034
    279.00000000	      1.14041000	   -127.95459327
    280.00000000	      1.14451000	   -128.27107758
    281.00000000	      1.14861000	   -128.57907407
    282.00000000	      1.15271000	   -128.82838721
    283.00000000	      1.15681000	   -128.99021316
    284.00000000	      1.16091000	   -129.15693415
    285.00000000	      1.16501000	   -129.30669192
    286.00000000	      1.16911000	   -129.45494679
    287.00000000	      1.17321000	   -129.60335594
    288.00000000	      1.17731000	   -129.75175005
    289.00000000	      1.18141000	   -129.83862853
    290.00000000	      1.18551000	   -129.90429501
    291.00000000	      1.18961000	   -129.99008217
    292.00000000	      1.19371000	   -130.05130866
    293.00000000	      1.19781000	   -130.10939514
    294.00000000	      1.20191000	   -130.22976562
    295.00000000	      1.20601000	   -130.40882559
    296.00000000	      1.21011000	   -130.65875952
    297.00000000	      1.21421000	   -130.98267990
    298.00000000	      1.21831000	   -131.32276357
    299.00000000	      1.22241000	   -131.66469573
    300.00000000	      1.22651000	   -132.08783610
    301.00000000	      1.23061000	   -132.58164710
    302.00000000	      1.23471000	   -133.12763107
    303.00000000	      1.23881000	   -133.76941696
    304.00000000	      1.24291000	   -134.50887237
    305.00000000	      1.24701000	   -135.32697062
    306.00000000	      1.25111000	   -136.20867266
    307.00000000	      1.25521000	   -137.17891570
    308.00000000	      1.25931000	   -138.17229674
    309.00000000	      1.26341000	   -139.22108093
    310.00000000	      1.26751000	   -140.28286886
    311.00000000	      1.27161000	   -141.33038382
    312.00000000	      1.27571000	   -142.39135811
    313.00000000	      1.27981000	   -143.47512988
    314.00000000	      1.28391000	   -144.58167302
    315.00000000	      1.28801000	   -145.67178417
    316.00000000	      1.29211000	   -146.72980909
    317.00000000	      1.29621000	   -147.73339794
    318.00000000	      1.30031000	   -148.64852618
    319.00000000	      1.30441000	   -149.55985060
    320.00000000	      1.30851000	   -150.45536894
    321.00000000	      1.31261000	   -151.31509683
    322.00000000	      1.31671000	   -152.15752240
    323.00000000	      1.32081000	   -152.91830977
    324.00000000	      1.32491000	   -153.52921927
    325.00000000	      1.32901000	   -153.92549283
    326.00000000	      1.33311000	   -154.11254479
    327.00000000	      1.33721000	   -154.03485645
    328.00000000	      1.34131000	   -153.74880287
    329.00000000	      1.34541000	   -153.31063205
    330.00000000	      1.34951000	   -152.71060788
    331.00000000	      1.35361000	   -151.96434801
    332.00000000	      1.35771000	   -151.18400385
    333.00000000	      1.36181000	   -150.33718599
    334.00000000	      1.36591000	   -149.36328709
    335.00000000	      1.37001000	   -148.24298647
    336.00000000	      1.37411000	   -146.95276765
    337.00000000	      1.37821000	   -145.34189981
    338.00000000	      1.38231000	   -143.38156093
    339.00000000	      1.38641000	   -141.10677673
    340.00000000	      1.39051000	   -138.48610697
    341.00000000	      1.39461000	   -135.58026089
    342.00000000	      1.39871000	   -132.44160903
    343.00000000	      1.40281000	   -129.06568213
    344.00000000	      1.40691000	   -125.50293201
    345.00000000	      1.41101000	   -121.73020593
    346.00000000	      1.41511000	   -117.79330026
    347.00000000	      1.41921000	   -113.67347133
    348.00000000	      1.42331000	   -109.36742217
    349.00000000	      1.42741000	   -104.85238130
    350.00000000	      1.43151000	   -100.03431591
    351.00000000	      1.43561000	    -94.92123378
    352.00000000	      1.43971000	    -89.52360520
    353.00000000	      1.44381000	    -83.88384156
    354.00000000	      1.44791000	    -78.04003295
    355.00000000	      1.45201000	    -72.09434452
    356.00000000	      1.45611000	    -66.08038319
    357.00000000	      1.46021000	    -59.98978772
    358.00000000	      1.46431000	    -53.87722790
    359.00000000	      1.46841000	    -47.88818981
    360.00000000	      1.47251000	    -42.09063564
    361.00000000	      1.47661000	    -36.59468858
    362.00000000	      1.48071000	    -31.40197805
    363.00000000	      1.48481000	    -26.53199867
    364.00000000	      1.48891000	    -21.98066206
    365.00000000	      1.49301000	    -17.72915212
    366.00000000	      1.49711000	    -13.76560814
    367.00000000	      1.50121000	    -10.09337496
    368.00000000	      1.50531000	     -7.39998209
    369.00000000	      1.50941000	      0.55470177
    370.00000000	      1.51351000	      0.93299035
    371.00000000	      1.51761000	      1.33398574
    372.00000000	      1.52171000	      1.75865899
    373.00000000	      1.52581000	      2.19714766
    374.00000000	      1.52991000	      2.63877210
    375.00000000	      1.53401000	      3.07216416
    376.00000000	      1.53811000	      3.48545950
    377.00000000	      1.54221000	      3.86654902
    378.00000000	      1.54631000	      4.20347813
    379.00000000	      1.55041000	      4.48512253
    380.00000000	      1.55451000	      4.70199078
    381.00000000	      1.55861000	      4.84674855
    382.00000000	      1.56271000	      4.91427028
    383.00000000	      1.56681000	      4.90135110
    384.00000000	      1.57091000	      4.80632436
    385.00000000	      1.57501000	      4.62885462
    386.00000000	      1.57911000	      4.36998893
    387.00000000	      1.58321000	      4.03220309
    388.00000000	      1.58731000	      3.61924584
    389.00000000	      1.59141000	      3.13599418
    390.00000000	      1.59551000	      2.58851493
    391.00000000	      1.59961000	      1.98414265
    392.00000000	      1.60371000	      1.33139740
    393.00000000	      1.60781000	      0.63982281
    394.00000000	      1.61191000	     -0.08023848
    395.00000000	      1.61601000	     -0.81803504
    396.00000000	      1.62011000	     -1.56292068
    397.00000000	      1.62421000	     -2.30477613
    398.00000000	      1.62831000	     -3.03420114
    399.00000000	      1.63241000	     -3.74261225
    400.00000000	      1.63651000	     -4.42243401
    401.00000000	      1.64061000	     -5.06729655
    402.00000000	      1.64471000	     -5.67205614
    403.00000000	      1.64881000	     -6.23272313
    404.00000000	      1.65291000	     -6.74644492
    405.00000000	      1.65701000	     -7.21133608
    406.00000000	      1.66111000	     -7.62589708
    407.00000000	      1.66521000	     -7.98830268
    408.00000000	      1.66931000	     -8.29605437
    409.00000000	      1.67341000	     -8.54590851
    410.00000000	      1.67751000	     -8.73365619
    411.00000000	      1.68161000	     -8.85388614
    412.00000000	      1.68571000	     -8.90020532
    413.00000000	      1.68981000	     -8.86583912
    414.00000000	      1.69391000	     -8.74414983
    415.00000000	      1.69801000	     -8.52905484
    416.00000000	      1.70211000	     -8.21565976
    417.00000000	      1.70621000	     -7.80103534
    418.00000000	      1.71031000	     -7.28481609
    419.00000000	      1.71441000	     -6.66964305
    420.00000000	      1.71851000	     -5.96165445
    421.00000000	      1.72261000	     -5.17106491
    422.00000000	      1.72671000	     -4.31268811
    423.00000000	      1.73081000	     -3.40608246
    424.00000000	      1.73491000	     -2.47516366
    425.00000000	      1.73901000	     -1.54743374
    426.00000000	      1.74311000	     -0.65265040
    427.00000000	      1.74721000	      0.17899883
    428.00000000	      1.75131000	      0.91872456
    429.00000000	      1.75541000	      1.53951664
    430.00000000	      1.75951000	      2.01656970
    431.00000000	      1.76361000	      2.32474614
    432.00000000	      1.76771000	      2.44075776
    433.00000000	      1.77181000	      2.33162665
    434.00000000	      1.77591000	      1.97363004
    435.00000000	      1.78001000	      1.30262468
    436.00000000	      1.78411000	      0.33044483
    437.00000000	      1.78821000	     -1.11219452
    438.00000000	      1.79231000	     -2.75704305
    439.00000000	      1.79641000	     -5.32739868
    440.00000000	      1.80051000	     -5.71301925
