UNKNOWN
version=1
nRows=441
nColumns=3
inDegrees=no
endheader
time	time	socket_rotation_moment
      0.00000000	     -0.00349000	     -0.19346807
      1.00000000	      0.00061000	     -0.13586283
      2.00000000	      0.00471000	     -0.07879992
      3.00000000	      0.00881000	     -0.02282350
      4.00000000	      0.01291000	      0.03151702
      5.00000000	      0.01701000	      0.08367556
      6.00000000	      0.02111000	      0.13312206
      7.00000000	      0.02521000	      0.17935794
      8.00000000	      0.02931000	      0.22193187
      9.00000000	      0.03341000	      0.26045407
     10.00000000	      0.03751000	      0.29460779
     11.00000000	      0.04161000	      0.32415870
     12.00000000	      0.04571000	      0.34896175
     13.00000000	      0.04981000	      0.36896408
     14.00000000	      0.05391000	      0.38420255
     15.00000000	      0.05801000	      0.39479644
     16.00000000	      0.06211000	      0.40093951
     17.00000000	      0.06621000	      0.40288544
     18.00000000	      0.07031000	      0.40092544
     19.00000000	      0.07441000	      0.39539195
     20.00000000	      0.07851000	      0.38664329
     21.00000000	      0.08261000	      0.37505130
     22.00000000	      0.08671000	      0.36098915
     23.00000000	      0.09081000	      0.34482448
     24.00000000	      0.09491000	      0.32691869
     25.00000000	      0.09901000	      0.30762885
     26.00000000	      0.10311000	      0.28730902
     27.00000000	      0.10721000	      0.26631060
     28.00000000	      0.11131000	      0.24498231
     29.00000000	      0.11541000	      0.22366986
     30.00000000	      0.11951000	      0.20271428
     31.00000000	      0.12361000	      0.18244830
     32.00000000	      0.12771000	      0.16319043
     33.00000000	      0.13181000	      0.14523718
     34.00000000	      0.13591000	      0.12885488
     35.00000000	      0.14001000	      0.11424906
     36.00000000	      0.14411000	      0.10162627
     37.00000000	      0.14821000	      0.09113928
     38.00000000	      0.15231000	      0.08287211
     39.00000000	      0.15641000	      0.07685085
     40.00000000	      0.16051000	      0.07304145
     41.00000000	      0.16461000	      0.07134068
     42.00000000	      0.16871000	      0.07833633
     43.00000000	      0.17281000	     -6.42517794
     44.00000000	      0.17691000	    -13.09337085
     45.00000000	      0.18101000	    -14.48999715
     46.00000000	      0.18511000	    -17.23026299
     47.00000000	      0.18921000	    -21.28369647
     48.00000000	      0.19331000	    -26.33735052
     49.00000000	      0.19741000	    -31.77209241
     50.00000000	      0.20151000	    -36.81535308
     51.00000000	      0.20561000	    -40.91776974
     52.00000000	      0.20971000	    -43.61836473
     53.00000000	      0.21381000	    -44.50598289
     54.00000000	      0.21791000	    -43.43992197
     55.00000000	      0.22201000	    -40.37409071
     56.00000000	      0.22611000	    -35.53608672
     57.00000000	      0.23021000	    -29.17257889
     58.00000000	      0.23431000	    -21.55820301
     59.00000000	      0.23841000	    -12.93186421
     60.00000000	      0.24251000	     -3.56867068
     61.00000000	      0.24661000	      6.24646139
     62.00000000	      0.25071000	     16.24620674
     63.00000000	      0.25481000	     26.20110691
     64.00000000	      0.25891000	     35.78235976
     65.00000000	      0.26301000	     44.69628826
     66.00000000	      0.26711000	     52.82643525
     67.00000000	      0.27121000	     60.02839643
     68.00000000	      0.27531000	     66.30832100
     69.00000000	      0.27941000	     71.60840346
     70.00000000	      0.28351000	     75.76412927
     71.00000000	      0.28761000	     78.51190985
     72.00000000	      0.29171000	     79.68387326
     73.00000000	      0.29581000	     79.68646254
     74.00000000	      0.29991000	     78.99815594
     75.00000000	      0.30401000	     77.82534917
     76.00000000	      0.30811000	     76.42868451
     77.00000000	      0.31221000	     74.71150863
     78.00000000	      0.31631000	     72.62510060
     79.00000000	      0.32041000	     70.27310377
     80.00000000	      0.32451000	     67.70598279
     81.00000000	      0.32861000	     64.99127771
     82.00000000	      0.33271000	     62.23265532
     83.00000000	      0.33681000	     59.51864185
     84.00000000	      0.34091000	     56.94092523
     85.00000000	      0.34501000	     54.50658623
     86.00000000	      0.34911000	     52.15171130
     87.00000000	      0.35321000	     49.91979874
     88.00000000	      0.35731000	     47.76357763
     89.00000000	      0.36141000	     45.72140061
     90.00000000	      0.36551000	     43.88267791
     91.00000000	      0.36961000	     42.36382214
     92.00000000	      0.37371000	     41.20871020
     93.00000000	      0.37781000	     40.44469994
     94.00000000	      0.38191000	     39.99787753
     95.00000000	      0.38601000	     39.82031699
     96.00000000	      0.39011000	     39.78433057
     97.00000000	      0.39421000	     39.82764586
     98.00000000	      0.39831000	     39.87337567
     99.00000000	      0.40241000	     39.88198569
    100.00000000	      0.40651000	     39.75486378
    101.00000000	      0.41061000	     39.46150312
    102.00000000	      0.41471000	     38.92301813
    103.00000000	      0.41881000	     38.12975147
    104.00000000	      0.42291000	     37.11695522
    105.00000000	      0.42701000	     35.90942762
    106.00000000	      0.43111000	     34.49492663
    107.00000000	      0.43521000	     32.79862865
    108.00000000	      0.43931000	     30.79385789
    109.00000000	      0.44341000	     28.43931720
    110.00000000	      0.44751000	     25.79248632
    111.00000000	      0.45161000	     22.90254882
    112.00000000	      0.45571000	     19.82741470
    113.00000000	      0.45981000	     16.54380011
    114.00000000	      0.46391000	     13.17365393
    115.00000000	      0.46801000	      9.82831701
    116.00000000	      0.47211000	      6.61201228
    117.00000000	      0.47621000	      3.54966843
    118.00000000	      0.48031000	      0.68967205
    119.00000000	      0.48441000	     -2.03607988
    120.00000000	      0.48851000	     -4.63755610
    121.00000000	      0.49261000	     -7.09931105
    122.00000000	      0.49671000	     -9.43098348
    123.00000000	      0.50081000	    -11.73679310
    124.00000000	      0.50491000	    -14.00955584
    125.00000000	      0.50901000	    -16.29037114
    126.00000000	      0.51311000	    -18.56363229
    127.00000000	      0.51721000	    -20.79552815
    128.00000000	      0.52131000	    -22.97296783
    129.00000000	      0.52541000	    -25.06168250
    130.00000000	      0.52951000	    -27.02462663
    131.00000000	      0.53361000	    -28.88589573
    132.00000000	      0.53771000	    -30.59614397
    133.00000000	      0.54181000	    -32.09521457
    134.00000000	      0.54591000	    -33.33057649
    135.00000000	      0.55001000	    -34.24415140
    136.00000000	      0.55411000	    -34.90069393
    137.00000000	      0.55821000	    -35.39642140
    138.00000000	      0.56231000	    -35.86991125
    139.00000000	      0.56641000	    -36.42125715
    140.00000000	      0.57051000	    -37.10992858
    141.00000000	      0.57461000	    -37.91114824
    142.00000000	      0.57871000	    -38.87842328
    143.00000000	      0.58281000	    -39.97082361
    144.00000000	      0.58691000	    -41.18439068
    145.00000000	      0.59101000	    -42.57562836
    146.00000000	      0.59511000	    -44.15894253
    147.00000000	      0.59921000	    -45.89046382
    148.00000000	      0.60331000	    -47.82880923
    149.00000000	      0.60741000	    -49.96073381
    150.00000000	      0.61151000	    -52.27962681
    151.00000000	      0.61561000	    -54.80094353
    152.00000000	      0.61971000	    -57.53007191
    153.00000000	      0.62381000	    -60.43157040
    154.00000000	      0.62791000	    -63.54098312
    155.00000000	      0.63201000	    -66.84303068
    156.00000000	      0.63611000	    -70.26843774
    157.00000000	      0.64021000	    -73.85499727
    158.00000000	      0.64431000	    -77.61969512
    159.00000000	      0.64841000	    -81.55648038
    160.00000000	      0.65251000	    -85.64931420
    161.00000000	      0.65661000	    -89.89934178
    162.00000000	      0.66071000	    -94.22350266
    163.00000000	      0.66481000	    -98.61290374
    164.00000000	      0.66891000	   -103.02173768
    165.00000000	      0.67301000	   -107.41383353
    166.00000000	      0.67711000	   -111.68421747
    167.00000000	      0.68121000	   -115.84123576
    168.00000000	      0.68531000	   -119.86752758
    169.00000000	      0.68941000	   -123.73651772
    170.00000000	      0.69351000	   -127.41507543
    171.00000000	      0.69761000	   -130.92309784
    172.00000000	      0.70171000	   -134.18727128
    173.00000000	      0.70581000	   -137.23359939
    174.00000000	      0.70991000	   -140.10704855
    175.00000000	      0.71401000	   -142.79141044
    176.00000000	      0.71811000	   -145.24212834
    177.00000000	      0.72221000	   -147.49293550
    178.00000000	      0.72631000	   -149.51699142
    179.00000000	      0.73041000	   -151.29505129
    180.00000000	      0.73451000	   -152.86399514
    181.00000000	      0.73861000	   -154.24302878
    182.00000000	      0.74271000	   -155.43146751
    183.00000000	      0.74681000	   -156.47397285
    184.00000000	      0.75091000	   -157.37364897
    185.00000000	      0.75501000	   -158.05344482
    186.00000000	      0.75911000	   -158.51756184
    187.00000000	      0.76321000	   -158.82296044
    188.00000000	      0.76731000	   -158.94437570
    189.00000000	      0.77141000	   -158.85604278
    190.00000000	      0.77551000	   -158.51370112
    191.00000000	      0.77961000	   -157.87415611
    192.00000000	      0.78371000	   -156.97846107
    193.00000000	      0.78781000	   -155.84051432
    194.00000000	      0.79191000	   -154.45257326
    195.00000000	      0.79601000	   -152.80905901
    196.00000000	      0.80011000	   -150.94157112
    197.00000000	      0.80421000	   -148.85606241
    198.00000000	      0.80831000	   -146.55390422
    199.00000000	      0.81241000	   -143.99577676
    200.00000000	      0.81651000	   -141.17529772
    201.00000000	      0.82061000	   -138.09574254
    202.00000000	      0.82471000	   -134.76775930
    203.00000000	      0.82881000	   -131.22274820
    204.00000000	      0.83291000	   -127.50077520
    205.00000000	      0.83701000	   -123.56511251
    206.00000000	      0.84111000	   -119.45615053
    207.00000000	      0.84521000	   -115.19336087
    208.00000000	      0.84931000	   -110.77538842
    209.00000000	      0.85341000	   -106.27422655
    210.00000000	      0.85751000	   -101.67796707
    211.00000000	      0.86161000	    -96.96549516
    212.00000000	      0.86571000	    -92.20988088
    213.00000000	      0.86981000	    -87.47127542
    214.00000000	      0.87391000	    -82.74363216
    215.00000000	      0.87801000	    -78.02457774
    216.00000000	      0.88211000	    -73.34645389
    217.00000000	      0.88621000	    -68.74043555
    218.00000000	      0.89031000	    -64.17345946
    219.00000000	      0.89441000	    -59.62280402
    220.00000000	      0.89851000	    -55.07525493
    221.00000000	      0.90261000	    -50.53982215
    222.00000000	      0.90671000	    -45.99901766
    223.00000000	      0.91081000	    -41.56599948
    224.00000000	      0.91491000	    -37.30982631
    225.00000000	      0.91901000	    -33.33140240
    226.00000000	      0.92311000	    -29.74291804
    227.00000000	      0.92721000	    -26.59939303
    228.00000000	      0.93131000	    -23.90510558
    229.00000000	      0.93541000	    -21.63711579
    230.00000000	      0.93951000	    -19.68230103
    231.00000000	      0.94361000	    -17.87594474
    232.00000000	      0.94771000	    -16.18606255
    233.00000000	      0.95181000	    -14.48994220
    234.00000000	      0.95591000	    -12.49965969
    235.00000000	      0.96001000	      0.20829453
    236.00000000	      0.96411000	      0.22035854
    237.00000000	      0.96821000	      0.23651240
    238.00000000	      0.97231000	      0.25075859
    239.00000000	      0.97641000	      0.26316647
    240.00000000	      0.98051000	      0.27381076
    241.00000000	      0.98461000	      0.28277953
    242.00000000	      0.98871000	      0.29015935
    243.00000000	      0.99281000	      0.29602343
    244.00000000	      0.99691000	      0.30018456
    245.00000000	      1.00101000	      0.30233712
    246.00000000	      1.00511000	      0.30325062
    247.00000000	      1.00921000	      0.30320581
    248.00000000	      1.01331000	      0.30253192
    249.00000000	      1.01741000	      0.30158930
    250.00000000	      1.02151000	      0.30076724
    251.00000000	      1.02561000	      0.30014648
    252.00000000	      1.02971000	      0.29983114
    253.00000000	      1.03381000	      0.30088733
    254.00000000	      1.03791000	      0.30369009
    255.00000000	      1.04201000	      0.30855004
    256.00000000	      1.04611000	      0.31571297
    257.00000000	      1.05021000	      0.32536822
    258.00000000	      1.05431000	      0.33723510
    259.00000000	      1.05841000	      0.35150064
    260.00000000	      1.06251000	      0.36868173
    261.00000000	      1.06661000	      0.38880517
    262.00000000	      1.07071000	      0.41183118
    263.00000000	      1.07481000	      0.43764848
    264.00000000	      1.07891000	      0.46607815
    265.00000000	      1.08301000	      0.49688218
    266.00000000	      1.08711000	      0.52933033
    267.00000000	      1.09121000	      0.56349586
    268.00000000	      1.09531000	      0.59906448
    269.00000000	      1.09941000	      0.63549340
    270.00000000	      1.10351000	      0.67214032
    271.00000000	      1.10761000	      0.70827986
    272.00000000	      1.11171000	      0.74313285
    273.00000000	      1.11581000	      0.77588768
    274.00000000	      1.11991000	      0.80570638
    275.00000000	      1.12401000	      0.83172535
    276.00000000	      1.12811000	      0.85305952
    277.00000000	      1.13221000	      0.86881616
    278.00000000	      1.13631000	      0.87810159
    279.00000000	      1.14041000	      0.88002979
    280.00000000	      1.14451000	      0.87376723
    281.00000000	      1.14861000	      0.85854119
    282.00000000	      1.15271000	      0.83366638
    283.00000000	      1.15681000	      0.79857641
    284.00000000	      1.16091000	      0.75285590
    285.00000000	      1.16501000	      0.69627077
    286.00000000	      1.16911000	      0.62879678
    287.00000000	      1.17321000	      0.55064787
    288.00000000	      1.17731000	      0.46230511
    289.00000000	      1.18141000	      0.36454338
    290.00000000	      1.18551000	      0.25844707
    291.00000000	      1.18961000	      0.14540668
    292.00000000	      1.19371000	      0.02709517
    293.00000000	      1.19781000	     -0.09457481
    294.00000000	      1.20191000	     -0.21751310
    295.00000000	      1.20601000	     -0.33953197
    296.00000000	      1.21011000	     -0.45843580
    297.00000000	      1.21421000	     -0.57210870
    298.00000000	      1.21831000	     -0.67859099
    299.00000000	      1.22241000	     -0.77614150
    300.00000000	      1.22651000	     -0.86328456
    301.00000000	      1.23061000	     -0.93883906
    302.00000000	      1.23471000	     -1.00192929
    303.00000000	      1.23881000	     -1.05198337
    304.00000000	      1.24291000	     -1.08872660
    305.00000000	      1.24701000	     -1.11217145
    306.00000000	      1.25111000	     -1.12260241
    307.00000000	      1.25521000	     -1.12055384
    308.00000000	      1.25931000	     -1.10678055
    309.00000000	      1.26341000	     -1.08222305
    310.00000000	      1.26751000	     -1.04797162
    311.00000000	      1.27161000	     -1.00523126
    312.00000000	      1.27571000	     -0.99717751
    313.00000000	      1.27981000	     -0.95182788
    314.00000000	      1.28391000	     -0.90299480
    315.00000000	      1.28801000	     -0.85198330
    316.00000000	      1.29211000	     -0.80006226
    317.00000000	      1.29621000	     -0.74845508
    318.00000000	      1.30031000	     -0.69832814
    319.00000000	      1.30441000	     -0.65076493
    320.00000000	      1.30851000	     -0.60672929
    321.00000000	      1.31261000	     -0.56703768
    322.00000000	      1.31671000	     -0.53235144
    323.00000000	      1.32081000	     -0.50318559
    324.00000000	      1.32491000	     -0.47992725
    325.00000000	      1.32901000	     -0.46285203
    326.00000000	      1.33311000	     -0.45212266
    327.00000000	      1.33721000	     -0.44777094
    328.00000000	      1.34131000	     -0.44968513
    329.00000000	      1.34541000	     -0.45815500
    330.00000000	      1.34951000	     -0.07078025
    331.00000000	      1.35361000	     16.91947567
    332.00000000	      1.35771000	     28.06916324
    333.00000000	      1.36181000	     43.65658068
    334.00000000	      1.36591000	     62.98627378
    335.00000000	      1.37001000	     84.86235101
    336.00000000	      1.37411000	    107.73533716
    337.00000000	      1.37821000	    130.06257988
    338.00000000	      1.38231000	    151.09597409
    339.00000000	      1.38641000	    170.87804326
    340.00000000	      1.39051000	    189.87359737
    341.00000000	      1.39461000	    208.37160449
    342.00000000	      1.39871000	    226.36623527
    343.00000000	      1.40281000	    243.32471232
    344.00000000	      1.40691000	    258.68023399
    345.00000000	      1.41101000	    271.88233653
    346.00000000	      1.41511000	    282.59721717
    347.00000000	      1.41921000	    290.73189303
    348.00000000	      1.42331000	    296.41303755
    349.00000000	      1.42741000	    299.93013080
    350.00000000	      1.43151000	    301.70928222
    351.00000000	      1.43561000	    302.20809991
    352.00000000	      1.43971000	    301.79692313
    353.00000000	      1.44381000	    300.91234142
    354.00000000	      1.44791000	    299.95529690
    355.00000000	      1.45201000	    299.28804537
    356.00000000	      1.45611000	    299.06748118
    357.00000000	      1.46021000	    299.41484209
    358.00000000	      1.46431000	    300.31395079
    359.00000000	      1.46841000	    301.69186145
    360.00000000	      1.47251000	    303.43415255
    361.00000000	      1.47661000	    305.40154963
    362.00000000	      1.48071000	    307.47514502
    363.00000000	      1.48481000	    309.56213236
    364.00000000	      1.48891000	    311.54376867
    365.00000000	      1.49301000	    313.32547364
    366.00000000	      1.49711000	    314.85717014
    367.00000000	      1.50121000	    316.06745970
    368.00000000	      1.50531000	    316.96489401
    369.00000000	      1.50941000	    317.51792208
    370.00000000	      1.51351000	    317.69632434
    371.00000000	      1.51761000	    317.48211461
    372.00000000	      1.52171000	    316.84409000
    373.00000000	      1.52581000	    315.69470591
    374.00000000	      1.52991000	    314.02538315
    375.00000000	      1.53401000	    311.76489182
    376.00000000	      1.53811000	    308.87842146
    377.00000000	      1.54221000	    305.29757711
    378.00000000	      1.54631000	    301.00384395
    379.00000000	      1.55041000	    295.96309829
    380.00000000	      1.55451000	    290.22777394
    381.00000000	      1.55861000	    283.86220953
    382.00000000	      1.56271000	    276.98961241
    383.00000000	      1.56681000	    269.77824775
    384.00000000	      1.57091000	    262.42733990
    385.00000000	      1.57501000	    255.10223437
    386.00000000	      1.57911000	    247.95959183
    387.00000000	      1.58321000	    241.14368011
    388.00000000	      1.58731000	    234.75515666
    389.00000000	      1.59141000	    228.88136641
    390.00000000	      1.59551000	    223.57828979
    391.00000000	      1.59961000	    218.89763402
    392.00000000	      1.60371000	    214.83961389
    393.00000000	      1.60781000	    211.37759641
    394.00000000	      1.61191000	    208.47828476
    395.00000000	      1.61601000	    206.11880715
    396.00000000	      1.62011000	    204.24876182
    397.00000000	      1.62421000	    202.86098623
    398.00000000	      1.62831000	    201.88564911
    399.00000000	      1.63241000	    201.27984130
    400.00000000	      1.63651000	    201.00022789
    401.00000000	      1.64061000	    201.02832404
    402.00000000	      1.64471000	    201.32392028
    403.00000000	      1.64881000	    201.91215522
    404.00000000	      1.65291000	    202.75131986
    405.00000000	      1.65701000	    203.83386113
    406.00000000	      1.66111000	    205.13165077
    407.00000000	      1.66521000	    206.61685174
    408.00000000	      1.66931000	    208.22207234
    409.00000000	      1.67341000	    209.91847149
    410.00000000	      1.67751000	    211.63430267
    411.00000000	      1.68161000	    213.31874187
    412.00000000	      1.68571000	    214.92439323
    413.00000000	      1.68981000	    216.45269859
    414.00000000	      1.69391000	    217.91184466
    415.00000000	      1.69801000	    219.31207466
    416.00000000	      1.70211000	    220.64555337
    417.00000000	      1.70621000	    221.87708795
    418.00000000	      1.71031000	    223.00061067
    419.00000000	      1.71441000	    224.01255334
    420.00000000	      1.71851000	    224.94298237
    421.00000000	      1.72261000	    225.79880850
    422.00000000	      1.72671000	    226.61880992
    423.00000000	      1.73081000	    227.39775358
    424.00000000	      1.73491000	    228.15187328
    425.00000000	      1.73901000	    228.89308456
    426.00000000	      1.74311000	    229.67411145
    427.00000000	      1.74721000	    230.51246657
    428.00000000	      1.75131000	    231.44938879
    429.00000000	      1.75541000	    232.51389971
    430.00000000	      1.75951000	    233.73274550
    431.00000000	      1.76361000	    235.05803252
    432.00000000	      1.76771000	    236.49553995
    433.00000000	      1.77181000	    238.05081617
    434.00000000	      1.77591000	    239.76635388
    435.00000000	      1.78001000	    241.63634268
    436.00000000	      1.78411000	    243.65038329
    437.00000000	      1.78821000	    245.62023023
    438.00000000	      1.79231000	    247.55153593
    439.00000000	      1.79641000	    248.92152985
    440.00000000	      1.80051000	    251.19772319
